793559834645893121
2789729147
71159903
55791584
801286967380082688
3308979264
714923220470730755
705025349139177472
917003305183825921
392685718
147698369
816650019768061952
2967540521
289835060
2356969998
736128576257396736
735787498924838912
2353828537
577156749
245724690
161696818
3067692647
192649220
862204455642689536
4052796915
846465830917472257
121752349
228210109
608304155
1725335856
2570903933
47472885
3642588675
14326109
386128493
198109660
708783303353102336
80087080
736109400738258944
296432140
932537047
3015772151
256542431
799188103525265408
18639449
2687683243
2814493480
710041113965563904
27855439
29241849
4197949512
2966580346
3404094256
1547612832
776493579543908352
2944794350
839951465854676992
16361904
2312591417
116420219
76115091
861356113
2163228283
385574617
501841854
2315709182
17026460
177178728
808319169460654082
87006557
306250699
819286711263969293
252604300
2330935427
791900580943978496
102010461
14800227
2824613966
830253989010690048
1283657017
829059416448172034
703671131723542530
1013719274
791244691333324800
42379311
2527085220
2752360100
263824394
2449243879
35243445
330509973
411769694
2875689407
271994886
3578109857
740193131329654786
292301588
808258315180507136
264227528
1492423952
3214589855
226887422
162185261
2860585033
37623918
2885457195
14074274
61497842
2944298331
273601307
44303929
2589620409
131489329
765238478581923840
369484760
4435922668
4642455575
752547802476150785
495064786
770984633290878978
42399280
736216873558265856
1191024444
101478815
701378628781740032
184436677
106766639
2813076721
754331541757624320
16455443
782845975
813485557091303424
3008400880
1104661188
867988266
373869667
271842762
746326098405883904
3099770758
806165224659111938
102364511
413367978
2421028994
140762891
2151864096
284028045
4877596329
18587682
80325375
735189130179674112
4813034560
196965474
237339904
264676260
2992016449
221160157
3134318458
3214003478
722422286817628161
1532064433
796304568913195008
195654626
3057738604
2576511632
551038939
858983125
4509103273
310270523
957566804
4834595051
2858359016
2851325289
14469246
770417408620294144
783355554
796728693888577536
759687838493503488
58770864
4396162583
4641955095
46249920
782906890795806724
2266268190
16080586
747880658064777216
105117959
2766768008
603852635
43067380
77991639
1165941294
2194542912
694651193944076289
251197121
2990128241
835060015203430404
1639969752
2306544860
3150269526
2980825041
2876653469
65563900
291093883
358158544
728317861207412737
9128722
720344349137997825
214409202
2979696544
2299913107
2894024472
151184670
295557815
1322356682
58838066
517502604
194115643
735467979585032192
2865716392
3365974847
307513207
482197371
231182373
757663526626398208
53318989
112111406
89183603
716748167090466816
4275443854
808867788
936655231009640448
119694258
2793803387
176882097
3020402711
46476526
1920587084
2789914898
100199023
783327718112976897
744987594530914304
2383284552
822819190985920514
364123722
1550439168
717025355349905408
178986080
841254859026370560
735563368073945091
142270570
510250551
311383906
93661806
754963090479915008
91110021
2596092266
707577942411505664
4888266461
2813389819
755693353447063552
2738987003
133779283
490392600
1378882982
23145040
23295958
4656072495
224389700
18637420
761078922540818432
126925495
2812798038
3256445794
226513126
478892903
2727670791
1180179234
897884932437159937
3870383122
3042623482
2997149737
889875914254934016
562208023
241838535
4010099001
269484149
2691150271
821710300026114048
706816730774032384
529624339
3318793748
2174139368
902957099407290371
3336604965
320858638
187807621
2507275142
818509280139767812
3123376828
3036552273
223420094
1927590888
151393471
171495064
718789990826819584
154926014
2904750939
144754289
884304612
49695443
4157118166
186376114
4865164540
216388478
329066683
829380652575420417
45806418
3369196186
3359568574
708889927
3379179353
254786409
224254394
326665662
3407329144
222144547
908147408651018240
710116810394345473
798772003
158040872
143552135
946124245930790912
273843983
1636053061
3076086875
740437890052788224
280486841
724245550804176896
2859069149
424476943
4852604399
2827674978
406708511
131687298
334535210
2152652689
756544683048734720
46113908
732611818951151616
2362801328
120763078
37944154
728227891595481088
1560583646
874872211
2869427764
2712797503
2361755593
407674057
116405287
105119444
39230605
112712081
3366358097
774085554371760128
2499117289
721878645925625856
716228498705227776
759426678
4919068971
245694870
4211227654
127994043
49711455
380900376
113051754
746153424404779008
420541470
4091531355
1953930362
1516899151
2195203965
417571583
548502653
134504802
20235403
124506375
244214563
706118280252096513
712265572189388800
853245791691055104
756868099576561665
3326217087
2201064042
384704725
373840726
3351540555
188055389
480404213
818083669021691904
885660749875617794
4696667772
896771844610588672
2647018850
21360280
34910729
807604980182093824
2331620912
4142482936
556990021
371377047
4909721020
1258568510
2813233295
769562379470442496
717620435987341312
756712910
736202910426628098
548623571
986794956
2255011838
3429637588
299927375
622035457
832240326102355968
1025320142
4260106389
3349095413
341553759
989619050
39476753
898637071438557184
70621715
2323634836
4619628033
853192000727912448
112387124
114082084
869535956189184001
722707295772221440
3835861055
884887355680845825
2886226879
406486391
3310998538
2919257502
14158533
3566083455
1262125692
140777780
44962002
3058544021
14216778
44974895
518487277
3599660183
946110044583669761
3325420053
1341988652
405628049
3017785123
368323611
22214000
33868818
2603726540
201223353
3869727623
2574158544
2840914557
3172104191
871831050
897488849995276289
103001137
4339136788
1166937480
786483323660972032
417789290
162576868
268210127
18773190
2821304092
324387385
28351670
399304254
735472709409361921
219219274
3385716550
725390684333682689
796668587176038400
555141990
150962274
1236619260
784307536883089408
725431242724900865
1145422410
3001094158
578305270
743728985633259520
300492132
263073412
835750944977494016
2400535602
714337432422916096
106703933
1640513684
19108682
384201504
181911143
906449192
3371279992
4805853017
4795445422
858417559691030529
1325192886
2541336358
375301690
356158152
82087526
3246256533
4825367992
752573356973682688
786574340548653056
442227701
2872175882
273889162
4643631196
2801771964
137796394
760128048071053312
4045364967
3581519352
82101435
1004157757
18045245
209114855
722790641382522881
735699593917140993
2463194406
719562400387723265
3907420343
1197495235
306925791
4904760658
313221977
250356750
844579523400216576
1559993359
69099462
3060417902
387120192
804272798449315840
47445891
1251434160
4825287029
772090635998212096
21083185
720869078991183873
57036952
17942254
44982450
721295072466182144
3419972577
292284902
3345233381
3025097574
3331279187
2808596993
70112964
286078174
2294224096
767763399631572992
1506120324
239338266
50600050
3260065462
1485341148
1098288224
4097904021
46755174
627627518
2645663624
368253242
161287136
4054980557
3131705860
333229647
2443639200
3438123201
714502847509958656
243215712
2789695953
3686611995
29790017
833410211985637380
80092579
119523771
2972918326
860865128010534913
803184035837210624
3326860546
756189335750373376
2264673744
472784050
3119749600
3345194727
406428150
63483022
2324135545
388275135
3113255320
2754243824
182771340
1216590955
65212354
568242728
260667507
3020654014
1237007208
2504621990
486445868
2422246070
26722999
2964689039
92963907
2181030474
755733145220186112
754367110227304448
97413114
238120462
935957693239611393
288808595
260674472
2803634510
3188597310
356192324
503071288
141176976
3761432541
15066876
710378800706666496
727075550171402240
3364208601
272021276
245690442
92343345
919638757644685314
974550024
237845709
854271541
485986567
210393728
163801983
1004530278
3300301084
2879662288
4335616513
777077891314089984
771902034
2808116334
226662318
833439018851454977
183565470
711899665332047872
220648812
460537126
925802252400562176
172407242
54635952
155923261
28768851
857287635831750656
1193828028
2994976331
476744412
153736481
3377113444
190635598
775969351266660352
2436994992
3862789159
2986329418
734497022389161984
1296601735
820321705553960961
104643599
712200750093377536
17209094
2148628008
234329304
234038631
11561072
156562294
3664317196
3927287663
724525528758272000
784123328
949010329316548608
76104074
707490499515564032
4843268051
2972206055
1963207927
771441368942145536
108690068
2247155430
271093871
565596499
2942109586
203461378
4220143654
223407927
838000969967415296
303689819
2650515085
2295929658
32443639
3111410333
3062883104
3849551541
2937279785
2335452547
545127106